camera_matrix:
- - 288.56086157631813
  - 0.0
  - 550.2228479978112
- - 0.0
  - 289.2164506291733
  - 313.22305941897974
- - 0.0
  - 0.0
  - 1.0
dist_coeff:
- - -0.09718276146771214
  - 0.013688039195695296
  - -0.004754635316676355
  - -0.020956475392828338
  - -0.0014829348234469278
rms: 6.5191459963336555
